1951	29.4	27.2	59.1	23.5	62	88.9	68.2	16.6	12.9	1.9	28.6	18.1
1952	25	37.9	16.5	32.6	62.8	112.5	12.6	75.4	139.8	112.5	83.3	25.2
1953	33.6	51.5	3.7	14	37.9	51.8	48.9	44.2	37.8	1.4	21.3	18.8
1954	22	15.3	17.2	54.8	52.4	39.9	104.9	52.1	17.1	31.4	28.6	85.9
1955	25.1	36.2	25.7	54.7	55.3	53.1	98.1	12.7	20.7	31.3	29.3	88.6
1956	33.6	45.4	25.2	23	17.6	72	56.3	134.3	44.8	112.2	23.1	39.7
1957	43.1	56.2	23.7	35.6	19.7	18	39	124	149.3	17.4	23.5	36.3
1958	36.6	49	73.8	53.8	49.7	82.6	62.9	47	19.5	56.5	30.8	38.3
1959	33.9	9.2	15.2	48.5	30.5	54.8	51.1	83.4	40.1	22	26.1	53.6
1960	43.2	31.2	18.7	42.3	36.2	90.3	155.4	103.8	46	56.8	61.4	31.7
1961	41.9	20.9	48.1	27	39.2	80.9	92.6	79.7	35.5	6.4	44.2	28.1
1962	35.6	41.9	51.5	47.4	98.9	61.3	39.8	75.6	79.9	6.3	56.8	19.7
1963	13.4	30.3	14.3	15.7	44.2	55.8	52.3	82.2	55.5	50.1	72.5	23.6
1964	11.5	59.3	36.1	52.2	29.1	25.2	23.3	76.2	38.3	48.2	82.5	42.1
1965	41.5	40.9	26.8	20.6	112.3	68	50.9	67.9	25.9	12.9	57.9	45.2
1966	48.1	34.3	27	46.4	49	73.6	88	68.5	58.5	46.1	77.2	58.8
1967	40.1	48.8	62	61.8	73.2	74.9	50.4	65.9	28.9	54.4	51.1	82
1968	62.1	27.2	21.3	45.5	66.4	135.7	22.6	28.8	47.5	67.2	22.9	14.6
1969	15.6	32.5	21.6	53.9	82.3	60.5	57.2	93.1	35.9	43.7	77.8	30.7
1970	109.6	44.1	72.7	69.2	103.4	46.7	82.7	117.8	42.5	73.2	49.4	46
1971	17.7	33	23.2	58.3	30.1	64.4	23.8	26.6	53.3	53.1	29.8	32.5
1972	12.9	2.6	27.4	42.4	52.3	69.6	111.4	234.3	69.8	30.5	48.3	11
1973	19.2	51.2	19.1	17.7	51.1	41.6	174.2	33.9	27.2	55.7	63.8	29.8
1974	15.1	37.3	7.5	4.3	34	134.7	134.6	43.8	54.4	201.1	38.8	75.9
1975	24.3	9.7	15.4	55.1	29.1	82.7	162.5	11.9	65.2	32.3	12.8	28.1
1976	63	0.7	26.1	30.5	46.4	32.9	111	50.3	46.1	23.1	43.4	50.3
1977	13.8	45.4	26	61.9	78.2	61.6	102.3	66.8	61.2	18.4	43.2	32.7
1978	33	27.7	28.8	56.9	32.6	102.3	73	90.5	77.4	71.5	20.5	31.3
1979	61.5	17.7	48.2	23.4	34.4	39.6	57.3	145.1	63.9	3.9	37.7	45.8
1980	17.4	18.4	25.3	44.4	27.7	102	180.1	66.6	45.8	134.9	34.8	38.9
1981	27.5	17.5	37	19.9	53	53.3	81.1	105.8	22.4	62.1	81.2	45.6
1982	46.7	5.8	8.2	28.2	97.6	57.6	34.3	33.8	34.6	18.3	32.2	55.3
1983	60.8	15.5	56.4	40.9	69.2	37.9	54.5	24.5	65.8	29.8	15.8	35.7
1984	34.9	13	5.6	11.8	86.9	100.9	75.5	12.3	100.8	42	29.1	18.9
1985	18.1	9.3	39.2	32.9	45.1	227.1	72.4	70.1	61.3	29	31.1	52
1986	59.2	6.4	17.5	25.3	43.1	32.5	76.3	69.4	56.9	30.1	34.2	31.6
1987	21.4	14.4	25.7	18.3	53.1	70	81.6	49	43.9	5.3	44	49.3
1988	26.6	23.5	66.6	19.3	53.2	90.8	117.1	86.2	38.9	8.2	42	34.9
1989	18.8	26.2	17.4	36.6	25.8	42.9	51.5	50.7	12.8	77.4	39	62.4
1990	17.8	22.1	32.8	20.3	48.7	75.2	78.8	71.6	121.3	43.7	64.7	27
1991	18	33.7	16.4	21.2	81	78.9	67.1	79.6	29.9	14.1	58.6	37.6
1992	11.9	37.9	34.5	61.8	38.3	48.3	75.2	23.5	108.6	73	62.7	41.7
1993	52.7	22.1	39	25.1	29.8	81.9	107.4	46.3	78.9	24.9	14	64.3
1994	54.9	21.7	59.5	84.1	68.4	41.9	5	49.2	52.1	85.6	33.1	64.6
1995	30.1	55.4	48.4	57.1	57.4	99.1	41.9	49.5	109.1	19.5	26.8	17.6
1996	8	41.4	20.3	49.7	114.2	46.9	69.3	35.7	60.3	49.3	21.6	15.6
1997	8	32.4	35.8	49	68.3	68.5	121.8	31.4	37.1	71.1	42.9	40.2
1998	23.2	26.4	47.5	56.2	58.2	99.9	86.7	90.2	52.5	42.8	46.5	32
1999	20.3	32.8	34.7	85.3	57.2	32.7	29.9	68.2	38.5	38.7	30.8	31.8
2000	34.2	25.4	45.5	31.6	9.4	36.4	87.9	56.3	29.6	2.8	62.9	31.4
2001	25.9	14.5	23.9	44.4	63.5	44.1	96.3	62.7	108.5	42.4	24	22.4
2002	45.8	57.1	33.4	11.1	18.6	71.7	54.1	23.5	27.8	117.5	25.8	11.8
2003	36.1	15.2	17.1	23	93	51.9	47.2	42.2	47.6	64.2	51.8	51.6
2004	23.4	53.8	31	31.7	74.4	61.5	95.4	117.6	17.2	33.9	40.7	38.2
2005	33.9	32	37.8	7.3	99.3	45.9	60	68.5	59.9	12	30.3	59.3
2006	4.2	24.8	9.6	23.6	75.9	29.7	37.4	209.3	40.6	52.1	53.5	37.5
2007	94.8	31	20.7	24.7	74	44.6	133.5	61.3	40.7	29.5	34.5	13.1
2008	62.9	27.2	52.6	44	58.7	34.7	97.5	78.4	43.7	33.3	30.5	38.3
2009	31.2	28.7	57.4	3.7	83.5	148.4	93.3	78.4	24.9	62.4	44.2	47.3
2010	33	28.7	29.6	32.7	109.8	108.7	123.8	126.4	115.4	25.3	81.4	36.4
2011	28.5	43.2	18.6	56.8	65.5	64.2	184	41.3	21.5	23.1	9	30.7
2012	50.8	21.9	19.1	39.9	51.6	79.1	88.5	111.1	24.1	50.9	45.9	28.1
2013	40.7	30.1	23.4	50.8	103.7	62.9	89.6	64.5	167.2	11.2	34.1	25.4
2014	43.7	23.8	31.1	21.2	66	82.4	69.1	59.6	20.7	3.6	25.8	53.3
2015	44.6	3.1	40.6	28.9	102.9	25.8	62.8	5.2	33.6	36	81.2	60.9
2016	27.4	56.1	57.7	37.3	46.7	44.4	186.6	68.6	21.5	135.9	54.6	53.2
2017	13	45.3	50.7	78	101.1	116.1	82.8	108.2	123.4	112.8	47.9	55.3
2018	27.4	14.9	22.9	41	31.2	22.4	144.8	25.9	65.9	40.4	21.3	78.1
2019	54.5	11	45.4	4.1	100.4	50.3	113.5	100.7	54	23	19.5	41.2
2020	32	49.5	32.5	5.1	72	138.6	43.2	97.5	24.5	84.9	20.6	39.5
2021	70.3	19.1	16.9	24.6	80.7	49.3	118.1	142.6	81.8	10.4	39.2	30.5
2022	53.6	43.4	2.1	56.7	56.5	61.5	129.5	6.7	94.3	36	21.4	41.1
2023	68.5	43.9	50.1	32.2	37.8	65.6	45.1	42.9	18.5	90.6	54.4	70.1
